201301048	
896940295
66491407
532200557	
1665817671
3007987624
949335744
578277528
2290622599
623763981
23732400
3007423928
3006002965
1150000233
1015247201
14301007	
1395696241
2852386207	
1932113399
487915571
1779965278
3190380754
3164444444
578277528		
3351206760		
56806927
1244034556
1421562432	
2355249817
3063322177    
905784129
2905279411
1010365120
13769309	
915716517	
2806508583	
67590840	
86809301	
578277528	
1018684980	
26002564
199511033
196447462
13769309	
14301007		
915716517	
614899003	
23233745
243834479		
2894999520
835839999
199996810
100803812
1004516504
921111124	
313134375
24115079	
1205205343	
1659007311	
3007271481	
3399068364	
14301007	
908323609
13769309
3325173883
1079470579
1273218062
2314017007	
170434000	
1807461821	
100789597
811544921	
3181230734	
1126915572	
1606843135	
49976099	
307352555	
893025887
754403772
8563575	
1324757378	
492738915	
609449051	
3193359593
97555989
2244992119	
2300732343
35838379
35038837	
972096612
1521341516
2672738173
2135372028
748229751
1804288587
160625106	
598251198
774193178
1476764649
1277336666	
1623140386
2979414737
228271564	
443095988
1243348914
2861829744
1848888223
239090036	
510451526
343914756	
664407088		
213100101	
361624875	
3033411692
935832580
847309631
564659593
376802392
232270137
1556398592
175588882	
20760155	
541691435
2322585033
409450172	
995513188
200767076	
577582857
1247491966
1434775037
2729748186
2074538295
56628109
27278412	
2492248152
610627618	
314443888	
424229865
496573553	
24624743		
28449611
2334666000	
179033190		
3215796315	
99003597	
2276448492	
1284849998
1153797059
2524849387
512196576
897785277
2355249816
49951997	
207169235
120201358	
3106203884
827882547
794739984	
898643661
1397152053
330364208	
2096662620
1849140828	
1853183056	
3008082899		
362768028	
475734718	
17190714
317206513	
2149466470	
709934217
1849427184
47978847
1628678325
3109268179	
1826559604
1684836562
198253014	
3469495515	
3425981474	
2014665883
3116332561
3573324264
89099871
3360350970
3007987623
896688849
371444830
377977114
1324757378
572835286
1811113266
1824099893
3122677916
745371069
437388473
75955265
852542002
206840846
1500360500
963845500
961416626
3429359462
29516620
3359715258
573854079
2415315704
3346529919
740641621
3482007846
29620120
936110692
3277588438
2788487397
346945045
1240690736
1504146853
23616085
2217301907
26271820
3113502898
2186325671
2549997054
1551435245
1290581371
784279626
1497776942
3007548051
1057317972
2130987599
4675940
2752587031
3334855272
702308172
250370000
283331537
26399024
2332342576
2384407690
540990481
2675153754
793242836
11355770
1803046790
1762564750
3366065360
2677717182
522228280